n 100
n_err 0
avg [ms] 1.723813
max [ms] 4.796400
min [ms] 1.202300
measurements [timestamp in ns] [ms]
1651333698915613100 4.796400
1651333698920498100 2.069100
1651333698922611900 3.967300
1651333698926627100 4.536000
1651333698931224900 1.364400
1651333698932642100 1.665200
1651333698934341300 1.723900
1651333698936099400 1.464700
1651333698937595500 1.475500
1651333698939183200 1.630700
1651333698940875200 1.850800
1651333698942761000 1.747500
1651333698944541400 1.385200
1651333698945974000 1.467700
1651333698947486900 1.536900
1651333698949263400 1.517200
1651333698950854000 1.787300
1651333698952718900 1.571100
1651333698954323200 1.714600
1651333698956081100 1.757200
1651333698957872300 1.627500
1651333698959537900 1.792100
1651333698961366300 1.547600
1651333698962953300 1.631400
1651333698964616800 1.227500
1651333698965927700 1.606200
1651333698967572600 1.708400
1651333698969324600 1.389800
1651333698970741800 1.545700
1651333698972326100 1.417300
1651333698973781400 1.749000
1651333698975564900 1.979500
1651333698977573900 1.257100
1651333698978902300 1.645900
1651333698980575800 1.839400
1651333698982458000 1.524800
1651333698984048700 1.504800
1651333698985596000 1.622400
1651333698987304500 1.619500
1651333698988989200 1.710600
1651333698990731300 1.401800
1651333698992301200 1.469200
1651333698993804500 1.922800
1651333698995826400 1.591700
1651333698997470700 1.290800
1651333698998799000 1.728000
1651333699000560400 1.927200
1651333699002522000 2.289900
1651333699004898800 1.584100
1651333699006538400 1.732500
1651333699008309100 1.497800
1651333699009877800 1.733500
1651333699011641900 1.538000
1651333699013312000 1.512200
1651333699014894700 1.759500
1651333699016695100 1.779900
1651333699018507500 1.273800
1651333699019833600 1.705000
1651333699021702000 1.589200
1651333699023332100 2.014900
1651333699025384300 1.445000
1651333699026875000 1.613400
1651333699028549700 1.519700
1651333699030277000 1.563500
1651333699031908600 1.640100
1651333699033596000 1.864200
1651333699035490000 1.580100
1651333699037147400 1.454500
1651333699038650100 1.433000
1651333699040190000 1.467900
1651333699041757600 1.729700
1651333699043527500 1.655700
1651333699045279600 1.540900
1651333699046892900 1.624400
1651333699048546700 1.517200
1651333699050280400 1.409000
1651333699051718600 1.581100
1651333699053341100 1.360900
1651333699054733400 1.711100
1651333699056486100 1.804000
1651333699058333400 1.202300
1651333699059578800 1.455800
1651333699061066200 1.585500
1651333699062696100 1.731700
1651333699064458500 1.395900
1651333699065929400 1.606200
1651333699067567400 1.721800
1651333699069324600 1.534400
1651333699070922600 1.661300
1651333699072634500 1.660100
1651333699074332900 1.506600
1651333699075909800 1.627100
1651333699077575200 1.430200
1651333699079073600 1.719200
1651333699080845600 1.696700
1651333699082587000 1.610600
1651333699084286300 3.899900
1651333699088306100 1.812400
1651333699090183500 2.084100
1651333699092343000 1.607100

errors

